99979378
99979075
99978799
99978739
99978721
99978715
99978706
99978697
99978691
99978685
99978682
99978673
99978667
99978637
99978631
99978628
99978613
99978550
99978544
99978541
99978538
99978526
99978514
99978511
99978499
99978484
99978478
99978472
99978403
99978394
99978391
99978376
99978370
99978361
99978352
99978340
99978274
99977467
99977455
99977446
99977425
99977422
99977395
99977383
99977377
99977371
99977365
99977350
99977344
99977335
99977329
99977320
99977311
99977302
99977251
99977242
99977239
99977227
99977161
99976849
99976708
99976687
99976675
99975838
99975799
99975793
99975784
99975778
99975769
99975757
99975748
99975730
99975703
99975697
99975694
99975691
99975661
99975556
99975544
99975538
99975472
99975460
99975457
99975451
99975448
99975442
99975439